{
 "cells": [
  {
   "cell_type": "code",
   "execution_count": 72,
   "id": "1f08dba6",
   "metadata": {},
   "outputs": [],
   "source": [
    "import pandas as pd\n",
    "import numpy as np"
   ]
  },
  {
   "cell_type": "code",
   "execution_count": 73,
   "id": "ebcf8ebe",
   "metadata": {},
   "outputs": [
    {
     "name": "stdout",
     "output_type": "stream",
     "text": [
      "*** matrix ***\n",
      "[[ -5 -10   9]\n",
      " [  9  10  -4]\n",
      " [  2   0  -4]]\n",
      "*** Inverse ***\n",
      "[[ 0.1538  0.1538  0.1923]\n",
      " [-0.1077 -0.0077 -0.2346]\n",
      " [ 0.0769  0.0769 -0.1538]]\n",
      "*** m * m_inverse ***\n",
      "[[ 1.  0. -0.]\n",
      " [ 0.  1.  0.]\n",
      " [ 0.  0.  1.]]\n",
      "*** matrix ***\n",
      "[[ 5  4  4]\n",
      " [ 0 -7 -2]\n",
      " [10 -3  5]]\n",
      "*** Inverse ***\n",
      "[[  8.2   6.4  -4. ]\n",
      " [  4.    3.   -2. ]\n",
      " [-14.  -11.    7. ]]\n",
      "*** m * m_inverse ***\n",
      "[[ 1.  0.  0.]\n",
      " [ 0.  1.  0.]\n",
      " [-0. -0.  1.]]\n",
      "*** matrix ***\n",
      "[[ -7   4  -4]\n",
      " [-10  10   4]\n",
      " [ -1   4   0]]\n",
      "*** Inverse ***\n",
      "[[-0.0741 -0.0741  0.2593]\n",
      " [-0.0185 -0.0185  0.3148]\n",
      " [-0.1389  0.1111 -0.1389]]\n",
      "*** m * m_inverse ***\n",
      "[[ 1. -0.  0.]\n",
      " [ 0.  1.  0.]\n",
      " [-0.  0.  1.]]\n"
     ]
    }
   ],
   "source": [
    "#4c\n",
    "np.set_printoptions(4, suppress=True)\n",
    "for i in range (0,3):\n",
    "    print('*** matrix ***')\n",
    "    m = np.random.randint(-10, 11, (3,3))\n",
    "    print(m)\n",
    "    try:\n",
    "        m_inv = np.linalg.inv(m)\n",
    "        print('*** Inverse ***')\n",
    "        print(m_inv)\n",
    "        print('*** m * m_inverse ***')\n",
    "        print(np.matmul(m, m_inv))\n",
    "    except LinAlgError as e:\n",
    "        print(\"matrix is not invertible\")"
   ]
  },
  {
   "cell_type": "code",
   "execution_count": 74,
   "id": "5fee40b6",
   "metadata": {},
   "outputs": [],
   "source": [
    "df = pd.read_csv(\"kc_house_data.csv\")\n",
    "df = df.drop(columns = [\"id\", \"date\", \"zipcode\"])"
   ]
  },
  {
   "cell_type": "code",
   "execution_count": 75,
   "id": "c50fda57",
   "metadata": {},
   "outputs": [
    {
     "name": "stdout",
     "output_type": "stream",
     "text": [
      "Feature Average:\n",
      "price            540088.141767\n",
      "bedrooms              3.370842\n",
      "bathrooms             2.114757\n",
      "sqft_living        2079.899736\n",
      "sqft_lot          15106.967566\n",
      "floors                1.494309\n",
      "waterfront            0.007542\n",
      "view                  0.234303\n",
      "condition             3.409430\n",
      "grade                 7.656873\n",
      "sqft_above         1788.390691\n",
      "sqft_basement       291.509045\n",
      "yr_built           1971.005136\n",
      "yr_renovated         84.402258\n",
      "lat                  47.560053\n",
      "long               -122.213896\n",
      "sqft_living15      1986.552492\n",
      "sqft_lot15        12768.455652\n",
      "dtype: float64 \n",
      "\n",
      "Feature Max\n",
      "price            7.700000e+06\n",
      "bedrooms         3.300000e+01\n",
      "bathrooms        8.000000e+00\n",
      "sqft_living      1.354000e+04\n",
      "sqft_lot         1.651359e+06\n",
      "floors           3.500000e+00\n",
      "waterfront       1.000000e+00\n",
      "view             4.000000e+00\n",
      "condition        5.000000e+00\n",
      "grade            1.300000e+01\n",
      "sqft_above       9.410000e+03\n",
      "sqft_basement    4.820000e+03\n",
      "yr_built         2.015000e+03\n",
      "yr_renovated     2.015000e+03\n",
      "lat              4.777760e+01\n",
      "long            -1.213150e+02\n",
      "sqft_living15    6.210000e+03\n",
      "sqft_lot15       8.712000e+05\n",
      "dtype: float64 \n",
      "\n",
      "Feature Min\n",
      "price            7.700000e+06\n",
      "bedrooms         3.300000e+01\n",
      "bathrooms        8.000000e+00\n",
      "sqft_living      1.354000e+04\n",
      "sqft_lot         1.651359e+06\n",
      "floors           3.500000e+00\n",
      "waterfront       1.000000e+00\n",
      "view             4.000000e+00\n",
      "condition        5.000000e+00\n",
      "grade            1.300000e+01\n",
      "sqft_above       9.410000e+03\n",
      "sqft_basement    4.820000e+03\n",
      "yr_built         2.015000e+03\n",
      "yr_renovated     2.015000e+03\n",
      "lat              4.777760e+01\n",
      "long            -1.213150e+02\n",
      "sqft_living15    6.210000e+03\n",
      "sqft_lot15       8.712000e+05\n",
      "dtype: float64 \n",
      "\n",
      "Feature Variance\n",
      "price            1.347824e+11\n",
      "bedrooms         8.650150e-01\n",
      "bathrooms        5.931513e-01\n",
      "sqft_living      8.435337e+05\n",
      "sqft_lot         1.715659e+09\n",
      "floors           2.915880e-01\n",
      "waterfront       7.485226e-03\n",
      "view             5.872426e-01\n",
      "condition        4.234665e-01\n",
      "grade            1.381703e+00\n",
      "sqft_above       6.857347e+05\n",
      "sqft_basement    1.958727e+05\n",
      "yr_built         8.627973e+02\n",
      "yr_renovated     1.613462e+05\n",
      "lat              1.919990e-02\n",
      "long             1.983262e-02\n",
      "sqft_living15    4.697612e+05\n",
      "sqft_lot15       7.455182e+08\n",
      "dtype: float64 \n",
      "\n"
     ]
    }
   ],
   "source": [
    "#5a\n",
    "# calculate average\n",
    "print(\"Feature Average:\")\n",
    "mean = df.mean()\n",
    "print(mean, \"\\n\")\n",
    "\n",
    "# calculate max\n",
    "print(\"Feature Max\")\n",
    "print(df.max(), \"\\n\")\n",
    "\n",
    "# calculate min\n",
    "print(\"Feature Min\")\n",
    "print(df.max(), \"\\n\")\n",
    "\n",
    "# calculate variance\n",
    "print(\"Feature Variance\")\n",
    "variance = df.var()\n",
    "print(variance, \"\\n\")"
   ]
  },
  {
   "cell_type": "code",
   "execution_count": 76,
   "id": "79a2a114",
   "metadata": {},
   "outputs": [
    {
     "name": "stdout",
     "output_type": "stream",
     "text": [
      "Highest Average:\n",
      "feature     yr_renovated\n",
      "value      540088.141767\n",
      "dtype: object \n",
      "\n",
      "Lowest Average:\n",
      "feature     bathrooms\n",
      "value     -122.213896\n",
      "dtype: object \n",
      "\n",
      "Highest Variance:\n",
      "feature           yr_renovated\n",
      "value      134782378397.246811\n",
      "dtype: object \n",
      "\n",
      "Lowest Variance:\n",
      "feature    bathrooms\n",
      "value       0.007485\n",
      "dtype: object \n",
      "\n"
     ]
    }
   ],
   "source": [
    "print(\"Highest Average:\")\n",
    "print (pd.DataFrame({'feature':mean.index, 'value':mean.values}).max(), \"\\n\")\n",
    "print (\"Lowest Average:\")\n",
    "print (pd.DataFrame({'feature':mean.index, 'value':mean.values}).min(), \"\\n\")\n",
    "\n",
    "print(\"Highest Variance:\")\n",
    "print (pd.DataFrame({'feature':variance.index, 'value':variance.values}).max(), \"\\n\")\n",
    "print (\"Lowest Variance:\")\n",
    "print (pd.DataFrame({'feature':variance.index, 'value':variance.values}).min(), \"\\n\")\n"
   ]
  },
  {
   "cell_type": "code",
   "execution_count": 94,
   "id": "8e8f8162",
   "metadata": {},
   "outputs": [
    {
     "name": "stdout",
     "output_type": "stream",
     "text": [
      "price\n",
      "bedrooms\n",
      "bathrooms\n",
      "sqft_living\n",
      "sqft_lot\n",
      "floors\n",
      "waterfront\n",
      "view\n",
      "condition\n",
      "grade\n",
      "sqft_above\n",
      "sqft_basement\n",
      "yr_built\n",
      "yr_renovated\n",
      "lat\n",
      "long\n",
      "sqft_living15\n",
      "sqft_lot15\n",
      "features with highest correlation coefficient:  yr_renovated   sqft_living\n",
      "0.8765965986813202\n"
     ]
    }
   ],
   "source": [
    "#5b\n",
    "max_corr = -10000\n",
    "max_feature_row = \"\"\n",
    "max_feature_col = \"\"\n",
    "corr = df.corr()\n",
    "for col in corr:\n",
    "    drop_self = corr[col].drop(index = col)\n",
    "    temp = pd.DataFrame({'feature':drop_self.index, 'correlation':drop_self.values})\n",
    "    max_temp_corr = temp.max()\n",
    "    if (max_temp_corr['correlation'] > max_corr):\n",
    "        max_corr = max_temp_corr['correlation']\n",
    "        max_feature_row = max_temp_corr['feature']\n",
    "        max_feature_col = col\n",
    "print (\"features with highest correlation coefficient: \", max_feature_row, \" \", max_feature_col)\n",
    "print (max_corr)"
   ]
  },
  {
   "cell_type": "code",
   "execution_count": 78,
   "id": "e3b7203e",
   "metadata": {},
   "outputs": [
    {
     "data": {
      "text/html": [
       "<div>\n",
       "<style scoped>\n",
       "    .dataframe tbody tr th:only-of-type {\n",
       "        vertical-align: middle;\n",
       "    }\n",
       "\n",
       "    .dataframe tbody tr th {\n",
       "        vertical-align: top;\n",
       "    }\n",
       "\n",
       "    .dataframe thead th {\n",
       "        text-align: right;\n",
       "    }\n",
       "</style>\n",
       "<table border=\"1\" class=\"dataframe\">\n",
       "  <thead>\n",
       "    <tr style=\"text-align: right;\">\n",
       "      <th></th>\n",
       "      <th>price</th>\n",
       "      <th>bedrooms</th>\n",
       "      <th>bathrooms</th>\n",
       "      <th>sqft_living</th>\n",
       "      <th>sqft_lot</th>\n",
       "      <th>floors</th>\n",
       "      <th>waterfront</th>\n",
       "      <th>view</th>\n",
       "      <th>condition</th>\n",
       "      <th>grade</th>\n",
       "      <th>sqft_above</th>\n",
       "      <th>sqft_basement</th>\n",
       "      <th>yr_built</th>\n",
       "      <th>yr_renovated</th>\n",
       "      <th>lat</th>\n",
       "      <th>long</th>\n",
       "      <th>sqft_living15</th>\n",
       "      <th>sqft_lot15</th>\n",
       "    </tr>\n",
       "  </thead>\n",
       "  <tbody>\n",
       "    <tr>\n",
       "      <th>price</th>\n",
       "      <td>1.000000</td>\n",
       "      <td>0.308350</td>\n",
       "      <td>0.525138</td>\n",
       "      <td>0.702035</td>\n",
       "      <td>0.089661</td>\n",
       "      <td>0.256794</td>\n",
       "      <td>0.266369</td>\n",
       "      <td>0.397293</td>\n",
       "      <td>0.036362</td>\n",
       "      <td>0.667434</td>\n",
       "      <td>0.605567</td>\n",
       "      <td>0.323816</td>\n",
       "      <td>0.054012</td>\n",
       "      <td>0.126434</td>\n",
       "      <td>0.307003</td>\n",
       "      <td>0.021626</td>\n",
       "      <td>0.585379</td>\n",
       "      <td>0.082447</td>\n",
       "    </tr>\n",
       "    <tr>\n",
       "      <th>bedrooms</th>\n",
       "      <td>0.308350</td>\n",
       "      <td>1.000000</td>\n",
       "      <td>0.515884</td>\n",
       "      <td>0.576671</td>\n",
       "      <td>0.031703</td>\n",
       "      <td>0.175429</td>\n",
       "      <td>-0.006582</td>\n",
       "      <td>0.079532</td>\n",
       "      <td>0.028472</td>\n",
       "      <td>0.356967</td>\n",
       "      <td>0.477600</td>\n",
       "      <td>0.303093</td>\n",
       "      <td>0.154178</td>\n",
       "      <td>0.018841</td>\n",
       "      <td>-0.008931</td>\n",
       "      <td>0.129473</td>\n",
       "      <td>0.391638</td>\n",
       "      <td>0.029244</td>\n",
       "    </tr>\n",
       "    <tr>\n",
       "      <th>bathrooms</th>\n",
       "      <td>0.525138</td>\n",
       "      <td>0.515884</td>\n",
       "      <td>1.000000</td>\n",
       "      <td>0.754665</td>\n",
       "      <td>0.087740</td>\n",
       "      <td>0.500653</td>\n",
       "      <td>0.063744</td>\n",
       "      <td>0.187737</td>\n",
       "      <td>-0.124982</td>\n",
       "      <td>0.664983</td>\n",
       "      <td>0.685342</td>\n",
       "      <td>0.283770</td>\n",
       "      <td>0.506019</td>\n",
       "      <td>0.050739</td>\n",
       "      <td>0.024573</td>\n",
       "      <td>0.223042</td>\n",
       "      <td>0.568634</td>\n",
       "      <td>0.087175</td>\n",
       "    </tr>\n",
       "    <tr>\n",
       "      <th>sqft_living</th>\n",
       "      <td>0.702035</td>\n",
       "      <td>0.576671</td>\n",
       "      <td>0.754665</td>\n",
       "      <td>1.000000</td>\n",
       "      <td>0.172826</td>\n",
       "      <td>0.353949</td>\n",
       "      <td>0.103818</td>\n",
       "      <td>0.284611</td>\n",
       "      <td>-0.058753</td>\n",
       "      <td>0.762704</td>\n",
       "      <td>0.876597</td>\n",
       "      <td>0.435043</td>\n",
       "      <td>0.318049</td>\n",
       "      <td>0.055363</td>\n",
       "      <td>0.052529</td>\n",
       "      <td>0.240223</td>\n",
       "      <td>0.756420</td>\n",
       "      <td>0.183286</td>\n",
       "    </tr>\n",
       "    <tr>\n",
       "      <th>sqft_lot</th>\n",
       "      <td>0.089661</td>\n",
       "      <td>0.031703</td>\n",
       "      <td>0.087740</td>\n",
       "      <td>0.172826</td>\n",
       "      <td>1.000000</td>\n",
       "      <td>-0.005201</td>\n",
       "      <td>0.021604</td>\n",
       "      <td>0.074710</td>\n",
       "      <td>-0.008958</td>\n",
       "      <td>0.113621</td>\n",
       "      <td>0.183512</td>\n",
       "      <td>0.015286</td>\n",
       "      <td>0.053080</td>\n",
       "      <td>0.007644</td>\n",
       "      <td>-0.085683</td>\n",
       "      <td>0.229521</td>\n",
       "      <td>0.144608</td>\n",
       "      <td>0.718557</td>\n",
       "    </tr>\n",
       "    <tr>\n",
       "      <th>floors</th>\n",
       "      <td>0.256794</td>\n",
       "      <td>0.175429</td>\n",
       "      <td>0.500653</td>\n",
       "      <td>0.353949</td>\n",
       "      <td>-0.005201</td>\n",
       "      <td>1.000000</td>\n",
       "      <td>0.023698</td>\n",
       "      <td>0.029444</td>\n",
       "      <td>-0.263768</td>\n",
       "      <td>0.458183</td>\n",
       "      <td>0.523885</td>\n",
       "      <td>-0.245705</td>\n",
       "      <td>0.489319</td>\n",
       "      <td>0.006338</td>\n",
       "      <td>0.049614</td>\n",
       "      <td>0.125419</td>\n",
       "      <td>0.279885</td>\n",
       "      <td>-0.011269</td>\n",
       "    </tr>\n",
       "    <tr>\n",
       "      <th>waterfront</th>\n",
       "      <td>0.266369</td>\n",
       "      <td>-0.006582</td>\n",
       "      <td>0.063744</td>\n",
       "      <td>0.103818</td>\n",
       "      <td>0.021604</td>\n",
       "      <td>0.023698</td>\n",
       "      <td>1.000000</td>\n",
       "      <td>0.401857</td>\n",
       "      <td>0.016653</td>\n",
       "      <td>0.082775</td>\n",
       "      <td>0.072075</td>\n",
       "      <td>0.080588</td>\n",
       "      <td>-0.026161</td>\n",
       "      <td>0.092885</td>\n",
       "      <td>-0.014274</td>\n",
       "      <td>-0.041910</td>\n",
       "      <td>0.086463</td>\n",
       "      <td>0.030703</td>\n",
       "    </tr>\n",
       "    <tr>\n",
       "      <th>view</th>\n",
       "      <td>0.397293</td>\n",
       "      <td>0.079532</td>\n",
       "      <td>0.187737</td>\n",
       "      <td>0.284611</td>\n",
       "      <td>0.074710</td>\n",
       "      <td>0.029444</td>\n",
       "      <td>0.401857</td>\n",
       "      <td>1.000000</td>\n",
       "      <td>0.045990</td>\n",
       "      <td>0.251321</td>\n",
       "      <td>0.167649</td>\n",
       "      <td>0.276947</td>\n",
       "      <td>-0.053440</td>\n",
       "      <td>0.103917</td>\n",
       "      <td>0.006157</td>\n",
       "      <td>-0.078400</td>\n",
       "      <td>0.280439</td>\n",
       "      <td>0.072575</td>\n",
       "    </tr>\n",
       "    <tr>\n",
       "      <th>condition</th>\n",
       "      <td>0.036362</td>\n",
       "      <td>0.028472</td>\n",
       "      <td>-0.124982</td>\n",
       "      <td>-0.058753</td>\n",
       "      <td>-0.008958</td>\n",
       "      <td>-0.263768</td>\n",
       "      <td>0.016653</td>\n",
       "      <td>0.045990</td>\n",
       "      <td>1.000000</td>\n",
       "      <td>-0.144674</td>\n",
       "      <td>-0.158214</td>\n",
       "      <td>0.174105</td>\n",
       "      <td>-0.361417</td>\n",
       "      <td>-0.060618</td>\n",
       "      <td>-0.014941</td>\n",
       "      <td>-0.106500</td>\n",
       "      <td>-0.092824</td>\n",
       "      <td>-0.003406</td>\n",
       "    </tr>\n",
       "    <tr>\n",
       "      <th>grade</th>\n",
       "      <td>0.667434</td>\n",
       "      <td>0.356967</td>\n",
       "      <td>0.664983</td>\n",
       "      <td>0.762704</td>\n",
       "      <td>0.113621</td>\n",
       "      <td>0.458183</td>\n",
       "      <td>0.082775</td>\n",
       "      <td>0.251321</td>\n",
       "      <td>-0.144674</td>\n",
       "      <td>1.000000</td>\n",
       "      <td>0.755923</td>\n",
       "      <td>0.168392</td>\n",
       "      <td>0.446963</td>\n",
       "      <td>0.014414</td>\n",
       "      <td>0.114084</td>\n",
       "      <td>0.198372</td>\n",
       "      <td>0.713202</td>\n",
       "      <td>0.119248</td>\n",
       "    </tr>\n",
       "    <tr>\n",
       "      <th>sqft_above</th>\n",
       "      <td>0.605567</td>\n",
       "      <td>0.477600</td>\n",
       "      <td>0.685342</td>\n",
       "      <td>0.876597</td>\n",
       "      <td>0.183512</td>\n",
       "      <td>0.523885</td>\n",
       "      <td>0.072075</td>\n",
       "      <td>0.167649</td>\n",
       "      <td>-0.158214</td>\n",
       "      <td>0.755923</td>\n",
       "      <td>1.000000</td>\n",
       "      <td>-0.051943</td>\n",
       "      <td>0.423898</td>\n",
       "      <td>0.023285</td>\n",
       "      <td>-0.000816</td>\n",
       "      <td>0.343803</td>\n",
       "      <td>0.731870</td>\n",
       "      <td>0.194050</td>\n",
       "    </tr>\n",
       "    <tr>\n",
       "      <th>sqft_basement</th>\n",
       "      <td>0.323816</td>\n",
       "      <td>0.303093</td>\n",
       "      <td>0.283770</td>\n",
       "      <td>0.435043</td>\n",
       "      <td>0.015286</td>\n",
       "      <td>-0.245705</td>\n",
       "      <td>0.080588</td>\n",
       "      <td>0.276947</td>\n",
       "      <td>0.174105</td>\n",
       "      <td>0.168392</td>\n",
       "      <td>-0.051943</td>\n",
       "      <td>1.000000</td>\n",
       "      <td>-0.133124</td>\n",
       "      <td>0.071323</td>\n",
       "      <td>0.110538</td>\n",
       "      <td>-0.144765</td>\n",
       "      <td>0.200355</td>\n",
       "      <td>0.017276</td>\n",
       "    </tr>\n",
       "    <tr>\n",
       "      <th>yr_built</th>\n",
       "      <td>0.054012</td>\n",
       "      <td>0.154178</td>\n",
       "      <td>0.506019</td>\n",
       "      <td>0.318049</td>\n",
       "      <td>0.053080</td>\n",
       "      <td>0.489319</td>\n",
       "      <td>-0.026161</td>\n",
       "      <td>-0.053440</td>\n",
       "      <td>-0.361417</td>\n",
       "      <td>0.446963</td>\n",
       "      <td>0.423898</td>\n",
       "      <td>-0.133124</td>\n",
       "      <td>1.000000</td>\n",
       "      <td>-0.224874</td>\n",
       "      <td>-0.148122</td>\n",
       "      <td>0.409356</td>\n",
       "      <td>0.326229</td>\n",
       "      <td>0.070958</td>\n",
       "    </tr>\n",
       "    <tr>\n",
       "      <th>yr_renovated</th>\n",
       "      <td>0.126434</td>\n",
       "      <td>0.018841</td>\n",
       "      <td>0.050739</td>\n",
       "      <td>0.055363</td>\n",
       "      <td>0.007644</td>\n",
       "      <td>0.006338</td>\n",
       "      <td>0.092885</td>\n",
       "      <td>0.103917</td>\n",
       "      <td>-0.060618</td>\n",
       "      <td>0.014414</td>\n",
       "      <td>0.023285</td>\n",
       "      <td>0.071323</td>\n",
       "      <td>-0.224874</td>\n",
       "      <td>1.000000</td>\n",
       "      <td>0.029398</td>\n",
       "      <td>-0.068372</td>\n",
       "      <td>-0.002673</td>\n",
       "      <td>0.007854</td>\n",
       "    </tr>\n",
       "    <tr>\n",
       "      <th>lat</th>\n",
       "      <td>0.307003</td>\n",
       "      <td>-0.008931</td>\n",
       "      <td>0.024573</td>\n",
       "      <td>0.052529</td>\n",
       "      <td>-0.085683</td>\n",
       "      <td>0.049614</td>\n",
       "      <td>-0.014274</td>\n",
       "      <td>0.006157</td>\n",
       "      <td>-0.014941</td>\n",
       "      <td>0.114084</td>\n",
       "      <td>-0.000816</td>\n",
       "      <td>0.110538</td>\n",
       "      <td>-0.148122</td>\n",
       "      <td>0.029398</td>\n",
       "      <td>1.000000</td>\n",
       "      <td>-0.135512</td>\n",
       "      <td>0.048858</td>\n",
       "      <td>-0.086419</td>\n",
       "    </tr>\n",
       "    <tr>\n",
       "      <th>long</th>\n",
       "      <td>0.021626</td>\n",
       "      <td>0.129473</td>\n",
       "      <td>0.223042</td>\n",
       "      <td>0.240223</td>\n",
       "      <td>0.229521</td>\n",
       "      <td>0.125419</td>\n",
       "      <td>-0.041910</td>\n",
       "      <td>-0.078400</td>\n",
       "      <td>-0.106500</td>\n",
       "      <td>0.198372</td>\n",
       "      <td>0.343803</td>\n",
       "      <td>-0.144765</td>\n",
       "      <td>0.409356</td>\n",
       "      <td>-0.068372</td>\n",
       "      <td>-0.135512</td>\n",
       "      <td>1.000000</td>\n",
       "      <td>0.334605</td>\n",
       "      <td>0.254451</td>\n",
       "    </tr>\n",
       "    <tr>\n",
       "      <th>sqft_living15</th>\n",
       "      <td>0.585379</td>\n",
       "      <td>0.391638</td>\n",
       "      <td>0.568634</td>\n",
       "      <td>0.756420</td>\n",
       "      <td>0.144608</td>\n",
       "      <td>0.279885</td>\n",
       "      <td>0.086463</td>\n",
       "      <td>0.280439</td>\n",
       "      <td>-0.092824</td>\n",
       "      <td>0.713202</td>\n",
       "      <td>0.731870</td>\n",
       "      <td>0.200355</td>\n",
       "      <td>0.326229</td>\n",
       "      <td>-0.002673</td>\n",
       "      <td>0.048858</td>\n",
       "      <td>0.334605</td>\n",
       "      <td>1.000000</td>\n",
       "      <td>0.183192</td>\n",
       "    </tr>\n",
       "    <tr>\n",
       "      <th>sqft_lot15</th>\n",
       "      <td>0.082447</td>\n",
       "      <td>0.029244</td>\n",
       "      <td>0.087175</td>\n",
       "      <td>0.183286</td>\n",
       "      <td>0.718557</td>\n",
       "      <td>-0.011269</td>\n",
       "      <td>0.030703</td>\n",
       "      <td>0.072575</td>\n",
       "      <td>-0.003406</td>\n",
       "      <td>0.119248</td>\n",
       "      <td>0.194050</td>\n",
       "      <td>0.017276</td>\n",
       "      <td>0.070958</td>\n",
       "      <td>0.007854</td>\n",
       "      <td>-0.086419</td>\n",
       "      <td>0.254451</td>\n",
       "      <td>0.183192</td>\n",
       "      <td>1.000000</td>\n",
       "    </tr>\n",
       "  </tbody>\n",
       "</table>\n",
       "</div>"
      ],
      "text/plain": [
       "                  price  bedrooms  bathrooms  sqft_living  sqft_lot    floors  \\\n",
       "price          1.000000  0.308350   0.525138     0.702035  0.089661  0.256794   \n",
       "bedrooms       0.308350  1.000000   0.515884     0.576671  0.031703  0.175429   \n",
       "bathrooms      0.525138  0.515884   1.000000     0.754665  0.087740  0.500653   \n",
       "sqft_living    0.702035  0.576671   0.754665     1.000000  0.172826  0.353949   \n",
       "sqft_lot       0.089661  0.031703   0.087740     0.172826  1.000000 -0.005201   \n",
       "floors         0.256794  0.175429   0.500653     0.353949 -0.005201  1.000000   \n",
       "waterfront     0.266369 -0.006582   0.063744     0.103818  0.021604  0.023698   \n",
       "view           0.397293  0.079532   0.187737     0.284611  0.074710  0.029444   \n",
       "condition      0.036362  0.028472  -0.124982    -0.058753 -0.008958 -0.263768   \n",
       "grade          0.667434  0.356967   0.664983     0.762704  0.113621  0.458183   \n",
       "sqft_above     0.605567  0.477600   0.685342     0.876597  0.183512  0.523885   \n",
       "sqft_basement  0.323816  0.303093   0.283770     0.435043  0.015286 -0.245705   \n",
       "yr_built       0.054012  0.154178   0.506019     0.318049  0.053080  0.489319   \n",
       "yr_renovated   0.126434  0.018841   0.050739     0.055363  0.007644  0.006338   \n",
       "lat            0.307003 -0.008931   0.024573     0.052529 -0.085683  0.049614   \n",
       "long           0.021626  0.129473   0.223042     0.240223  0.229521  0.125419   \n",
       "sqft_living15  0.585379  0.391638   0.568634     0.756420  0.144608  0.279885   \n",
       "sqft_lot15     0.082447  0.029244   0.087175     0.183286  0.718557 -0.011269   \n",
       "\n",
       "               waterfront      view  condition     grade  sqft_above  \\\n",
       "price            0.266369  0.397293   0.036362  0.667434    0.605567   \n",
       "bedrooms        -0.006582  0.079532   0.028472  0.356967    0.477600   \n",
       "bathrooms        0.063744  0.187737  -0.124982  0.664983    0.685342   \n",
       "sqft_living      0.103818  0.284611  -0.058753  0.762704    0.876597   \n",
       "sqft_lot         0.021604  0.074710  -0.008958  0.113621    0.183512   \n",
       "floors           0.023698  0.029444  -0.263768  0.458183    0.523885   \n",
       "waterfront       1.000000  0.401857   0.016653  0.082775    0.072075   \n",
       "view             0.401857  1.000000   0.045990  0.251321    0.167649   \n",
       "condition        0.016653  0.045990   1.000000 -0.144674   -0.158214   \n",
       "grade            0.082775  0.251321  -0.144674  1.000000    0.755923   \n",
       "sqft_above       0.072075  0.167649  -0.158214  0.755923    1.000000   \n",
       "sqft_basement    0.080588  0.276947   0.174105  0.168392   -0.051943   \n",
       "yr_built        -0.026161 -0.053440  -0.361417  0.446963    0.423898   \n",
       "yr_renovated     0.092885  0.103917  -0.060618  0.014414    0.023285   \n",
       "lat             -0.014274  0.006157  -0.014941  0.114084   -0.000816   \n",
       "long            -0.041910 -0.078400  -0.106500  0.198372    0.343803   \n",
       "sqft_living15    0.086463  0.280439  -0.092824  0.713202    0.731870   \n",
       "sqft_lot15       0.030703  0.072575  -0.003406  0.119248    0.194050   \n",
       "\n",
       "               sqft_basement  yr_built  yr_renovated       lat      long  \\\n",
       "price               0.323816  0.054012      0.126434  0.307003  0.021626   \n",
       "bedrooms            0.303093  0.154178      0.018841 -0.008931  0.129473   \n",
       "bathrooms           0.283770  0.506019      0.050739  0.024573  0.223042   \n",
       "sqft_living         0.435043  0.318049      0.055363  0.052529  0.240223   \n",
       "sqft_lot            0.015286  0.053080      0.007644 -0.085683  0.229521   \n",
       "floors             -0.245705  0.489319      0.006338  0.049614  0.125419   \n",
       "waterfront          0.080588 -0.026161      0.092885 -0.014274 -0.041910   \n",
       "view                0.276947 -0.053440      0.103917  0.006157 -0.078400   \n",
       "condition           0.174105 -0.361417     -0.060618 -0.014941 -0.106500   \n",
       "grade               0.168392  0.446963      0.014414  0.114084  0.198372   \n",
       "sqft_above         -0.051943  0.423898      0.023285 -0.000816  0.343803   \n",
       "sqft_basement       1.000000 -0.133124      0.071323  0.110538 -0.144765   \n",
       "yr_built           -0.133124  1.000000     -0.224874 -0.148122  0.409356   \n",
       "yr_renovated        0.071323 -0.224874      1.000000  0.029398 -0.068372   \n",
       "lat                 0.110538 -0.148122      0.029398  1.000000 -0.135512   \n",
       "long               -0.144765  0.409356     -0.068372 -0.135512  1.000000   \n",
       "sqft_living15       0.200355  0.326229     -0.002673  0.048858  0.334605   \n",
       "sqft_lot15          0.017276  0.070958      0.007854 -0.086419  0.254451   \n",
       "\n",
       "               sqft_living15  sqft_lot15  \n",
       "price               0.585379    0.082447  \n",
       "bedrooms            0.391638    0.029244  \n",
       "bathrooms           0.568634    0.087175  \n",
       "sqft_living         0.756420    0.183286  \n",
       "sqft_lot            0.144608    0.718557  \n",
       "floors              0.279885   -0.011269  \n",
       "waterfront          0.086463    0.030703  \n",
       "view                0.280439    0.072575  \n",
       "condition          -0.092824   -0.003406  \n",
       "grade               0.713202    0.119248  \n",
       "sqft_above          0.731870    0.194050  \n",
       "sqft_basement       0.200355    0.017276  \n",
       "yr_built            0.326229    0.070958  \n",
       "yr_renovated       -0.002673    0.007854  \n",
       "lat                 0.048858   -0.086419  \n",
       "long                0.334605    0.254451  \n",
       "sqft_living15       1.000000    0.183192  \n",
       "sqft_lot15          0.183192    1.000000  "
      ]
     },
     "execution_count": 78,
     "metadata": {},
     "output_type": "execute_result"
    }
   ],
   "source": [
    "corr"
   ]
  },
  {
   "cell_type": "code",
   "execution_count": null,
   "id": "14c360fe",
   "metadata": {},
   "outputs": [],
   "source": []
  },
  {
   "cell_type": "code",
   "execution_count": null,
   "id": "8bb132c8",
   "metadata": {},
   "outputs": [],
   "source": []
  },
  {
   "cell_type": "code",
   "execution_count": null,
   "id": "e202c273",
   "metadata": {},
   "outputs": [],
   "source": []
  },
  {
   "cell_type": "code",
   "execution_count": null,
   "id": "be540a89",
   "metadata": {},
   "outputs": [],
   "source": []
  }
 ],
 "metadata": {
  "kernelspec": {
   "display_name": "Python 3",
   "language": "python",
   "name": "python3"
  },
  "language_info": {
   "codemirror_mode": {
    "name": "ipython",
    "version": 3
   },
   "file_extension": ".py",
   "mimetype": "text/x-python",
   "name": "python",
   "nbconvert_exporter": "python",
   "pygments_lexer": "ipython3",
   "version": "3.8.8"
  }
 },
 "nbformat": 4,
 "nbformat_minor": 5
}
